gyro_x = 2.3022132
gyro_y = 0.36373755
gyro_z = -15.171101
accel_x = -0.17257997
accel_y = -0.03946578
accel_z = 0.03518033

