gyro_x = 2.3022132
gyro_y = 0.36373755
gyro_z = -11.171101
accel_x = -0.12
accel_y = 0.01
accel_z = 0.02
mag_ofs_x = -0.149143135528530
mag_ofs_y = 0.0666062924990244
mag_ofs_z = 0.0642551254169450
mag_rot_11 = 1.66337799933951
mag_rot_12 = -0.0295107920389690
mag_rot_13 = 0.0514149083118784
mag_rot_21 = -0.0295107920389690
mag_rot_22 = 2.08781006739157
mag_rot_23 = 0.0360493987392428
mag_rot_31 = 0.0514149083118784
mag_rot_32 = 0.0360493987392428
mag_rot_33 = 2.06236466970052
